0.000000000000000000e+00 1.840776945462769543e-01 1.899999999999999911e+00 5.000000000000000000e-01 5.000000000000000000e-01 
 1.000000000000000000e+00 1.943042331321812310e-01 -1.899999999999999911e+00 5.000000000000000000e-01 5.000000000000000000e-01 
 2.000000000000000000e+00 2.505501953546547256e-01 1.899999999999999911e+00 5.002428559842881928e-01 4.997571440157118072e-01 
 3.000000000000000000e+00 1.278317323238034320e-01 -1.899999999999999911e+00 5.002165274044231280e-01 4.997834725955769275e-01 
 4.000000000000000000e+00 2.352103874757983382e-01 -1.899999999999999911e+00 5.002262743282253066e-01 4.997737256717746934e-01 
 5.000000000000000000e+00 1.533980787885641170e-02 -1.899999999999999911e+00 5.004794192313394285e-01 4.995205807686605159e-01 
 6.000000000000000000e+00 -1.380582709097077088e-01 -1.899999999999999911e+00 5.000000000000000000e-01 5.000000000000000000e-01 
 7.000000000000000000e+00 -2.965696189912239711e-01 1.899999999999999911e+00 5.000000000000000000e-01 5.000000000000000000e-01 
 8.000000000000000000e+00 -3.630421197996017701e-01 -1.899999999999999911e+00 5.003704525353734889e-01 4.996295474646265111e-01 
 9.000000000000000000e+00 -2.352103874757983382e-01 -1.899999999999999911e+00 5.003322294833786321e-01 4.996677705166214789e-01 
 1.000000000000000000e+01 -4.857605828304530915e-01 -1.899999999999999911e+00 5.000000000000000000e-01 5.000000000000000000e-01 
 1.100000000000000000e+01 -6.187055844472086896e-01 1.899999999999999911e+00 5.000000000000000000e-01 5.000000000000000000e-01 
 1.200000000000000000e+01 -7.005178931344427928e-01 -1.899999999999999911e+00 5.007725310708789346e-01 4.992274689291211209e-01 
 1.300000000000000000e+01 -5.880259686894958593e-01 1.899999999999999911e+00 5.006993883939996337e-01 4.993006116060003108e-01 
 1.400000000000000000e+01 -7.311975088921556232e-01 -1.899999999999999911e+00 5.009774276494000089e-01 4.990225723506000466e-01 
 1.500000000000000000e+01 -5.675728915176873057e-01 -1.899999999999999911e+00 5.009182074032464405e-01 4.990817925967536706e-01 
 1.600000000000000000e+01 -8.078965482864377545e-01 1.899999999999999911e+00 5.010399984765070425e-01 4.989600015234929020e-01 
 1.700000000000000000e+01 -8.488027026300548616e-01 -1.899999999999999911e+00 5.000000000000000000e-01 5.000000000000000000e-01 
 1.800000000000000000e+01 -7.209709703062513464e-01 -1.899999999999999911e+00 5.004332829059283672e-01 4.995667170940716328e-01 
 1.900000000000000000e+01 -9.817477042468103487e-01 1.899999999999999911e+00 4.998889887444084579e-01 5.001110112555915421e-01 
 2.000000000000000000e+01 -1.053333474348140397e+00 -1.899999999999999911e+00 4.995528765044819353e-01 5.004471234955181203e-01 
 2.100000000000000000e+01 -9.664078963679539891e-01 -1.899999999999999911e+00 4.973361032636560153e-01 5.026638967363440402e-01 
 2.200000000000000000e+01 -1.181165206671943801e+00 1.899999999999999911e+00 4.955681684528937536e-01 5.044318315471062464e-01 
 2.300000000000000000e+01 -1.252750976773273628e+00 1.899999999999999911e+00 4.947728373878336194e-01 5.052271626121663806e-01 
 2.400000000000000000e+01 -1.017540589297475373e+00 1.899999999999999911e+00 4.947144999326537618e-01 5.052855000673461827e-01 
 2.500000000000000000e+01 -8.692557798018634152e-01 -1.899999999999999911e+00 4.945183080623018479e-01 5.054816919376982076e-01 
 2.600000000000000000e+01 -7.772169325287249242e-01 -1.899999999999999911e+00 5.006887702572939691e-01 4.993112297427060864e-01 
 2.700000000000000000e+01 -1.027767127883379539e+00 -1.899999999999999911e+00 4.965917437595250283e-01 5.034082562404750272e-01 
 2.800000000000000000e+01 -1.165825398793087331e+00 -1.899999999999999911e+00 4.965894805375655197e-01 5.034105194624345359e-01 
 2.900000000000000000e+01 -1.329450016167555759e+00 1.899999999999999911e+00 5.000000000000000000e-01 5.000000000000000000e-01 
 3.000000000000000000e+01 -1.385695978390029337e+00 -1.899999999999999911e+00 5.000000000000000000e-01 5.000000000000000000e-01 
 3.100000000000000000e+01 -1.293657131116890735e+00 -1.899999999999999911e+00 4.982730757261530363e-01 5.017269242738469082e-01 
 3.200000000000000000e+01 -1.518640980006784824e+00 -1.899999999999999911e+00 4.958687206892636867e-01 5.041312793107363133e-01 
 3.300000000000000000e+01 -1.651585981623540311e+00 -1.899999999999999911e+00 4.929873499269660231e-01 5.070126500730339769e-01 
 3.400000000000000000e+01 -1.840776945462769598e+00 1.899999999999999911e+00 5.000000000000000000e-01 5.000000000000000000e-01 
 3.500000000000000000e+01 -1.891909638392290871e+00 -1.899999999999999911e+00 5.000000000000000000e-01 5.000000000000000000e-01 
 3.600000000000000000e+01 -1.769191175361439550e+00 -1.899999999999999911e+00 4.976433934514807311e-01 5.023566065485193244e-01 
 3.700000000000000000e+01 -1.937929062028860061e+00 -1.899999999999999911e+00 4.943572243572127434e-01 5.056427756427872566e-01 
 3.800000000000000000e+01 -1.902136176978195259e+00 1.899999999999999911e+00 4.908886708864110826e-01 5.091113291135889174e-01 
 3.900000000000000000e+01 -1.871456561220482318e+00 1.899999999999999911e+00 4.901183612533036027e-01 5.098816387466964528e-01 
 4.000000000000000000e+01 -1.687378866674205335e+00 1.899999999999999911e+00 4.900852936270346238e-01 5.099147063729654317e-01 
 4.100000000000000000e+01 -1.513527710713832741e+00 1.899999999999999911e+00 4.779839874086432849e-01 5.220160125913567706e-01 
 4.200000000000000000e+01 -1.360129631925268479e+00 -1.899999999999999911e+00 4.805679796810051196e-01 5.194320203189949359e-01 
 4.300000000000000000e+01 -1.283430592530986569e+00 -1.899999999999999911e+00 4.882770287674186860e-01 5.117229712325812585e-01 
 4.400000000000000000e+01 -1.523754249299736907e+00 -1.899999999999999911e+00 4.934801577206471279e-01 5.065198422793528721e-01 
 4.500000000000000000e+01 -1.661812520209444699e+00 -1.899999999999999911e+00 4.944990975200787009e-01 5.055009024799212991e-01 
 4.600000000000000000e+01 -1.825437137583913128e+00 1.899999999999999911e+00 4.756757997555440265e-01 5.243242002444559180e-01 
 4.700000000000000000e+01 -1.861230022634578152e+00 1.899999999999999911e+00 4.802319904373590354e-01 5.197680095626410202e-01 
 4.800000000000000000e+01 -1.656699250916492616e+00 1.899999999999999911e+00 4.691112043990472991e-01 5.308887956009527009e-01 
 4.900000000000000000e+01 -1.487961364249072105e+00 1.899999999999999911e+00 4.783763304354851642e-01 5.216236695645147803e-01 
 5.000000000000000000e+01 -1.329450016167555759e+00 1.899999999999999911e+00 4.838263449714543807e-01 5.161736550285456193e-01 
 5.100000000000000000e+01 -1.170938668086039414e+00 -1.899999999999999911e+00 4.873493949382827206e-01 5.126506050617172239e-01 
 5.200000000000000000e+01 -1.119805975156518141e+00 1.899999999999999911e+00 4.876483597089940059e-01 5.123516402910059941e-01 
 5.300000000000000000e+01 -1.262977515359178016e+00 1.899999999999999911e+00 4.910956637348766751e-01 5.089043362651233249e-01 
 5.400000000000000000e+01 -1.037993666469283927e+00 -1.899999999999999911e+00 4.874351557003457902e-01 5.125648442996542098e-01 
 5.500000000000000000e+01 -1.007314050711570985e+00 1.899999999999999911e+00 4.887255322623573761e-01 5.112744677376426239e-01 
 5.600000000000000000e+01 -1.135145783035374611e+00 -1.899999999999999911e+00 4.706494770161716024e-01 5.293505229838283421e-01 
 5.700000000000000000e+01 -9.970875121256668194e-01 -1.899999999999999911e+00 4.668705668532668884e-01 5.331294331467331116e-01 
 5.800000000000000000e+01 -1.257864246066225933e+00 1.899999999999999911e+00 4.666061036643186499e-01 5.333938963356813501e-01 
 5.900000000000000000e+01 -1.324336746874603676e+00 -1.899999999999999911e+00 5.017724637341323124e-01 4.982275362658677431e-01 
 6.000000000000000000e+01 -1.211844822429656521e+00 1.899999999999999911e+00 4.684410338129037510e-01 5.315589661870961935e-01 
 6.100000000000000000e+01 -1.344789824046412230e+00 1.899999999999999911e+00 4.943394062888767926e-01 5.056605937111231519e-01 
 6.200000000000000000e+01 -1.094239628691757504e+00 -1.899999999999999911e+00 4.690491883028385933e-01 5.309508116971614067e-01 
 6.300000000000000000e+01 -1.043106935762236009e+00 1.899999999999999911e+00 4.687740392957850943e-01 5.312259607042149057e-01 
 6.400000000000000000e+01 -1.170938668086039414e+00 -1.899999999999999911e+00 4.470225087987558243e-01 5.529774912012441757e-01 
 6.500000000000000000e+01 -1.017540589297475373e+00 -1.899999999999999911e+00 4.477392653711311232e-01 5.522607346288689323e-01 
 6.600000000000000000e+01 -1.273204053945082181e+00 -1.899999999999999911e+00 5.014218358121360630e-01 4.985781641878638815e-01 
 6.700000000000000000e+01 -1.416375594147742056e+00 -1.899999999999999911e+00 4.969126957782373788e-01 5.030873042217626212e-01 
 6.800000000000000000e+01 -1.574886942229258402e+00 -1.899999999999999911e+00 4.773504126069338938e-01 5.226495873930659952e-01 
 6.900000000000000000e+01 -1.753851367482583079e+00 -1.899999999999999911e+00 4.470571958342493546e-01 5.529428041657505899e-01 
 7.000000000000000000e+01 -1.912362715564099425e+00 -1.899999999999999911e+00 4.495646875151241839e-01 5.504353124848757606e-01 
 7.100000000000000000e+01 -1.912362715564099425e+00 -1.899999999999999911e+00 4.406296278344997708e-01 5.593703721655002292e-01 
 7.200000000000000000e+01 -1.907249446271147342e+00 1.899999999999999911e+00 4.258699274921866618e-01 5.741300725078133382e-01 
 7.300000000000000000e+01 -1.871456561220482318e+00 -1.899999999999999911e+00 4.250542374881209340e-01 5.749457625118790105e-01 
 7.400000000000000000e+01 -1.779417713947343938e+00 -1.899999999999999911e+00 4.229551669228376887e-01 5.770448330771622558e-01 
 7.500000000000000000e+01 -1.932815792735907978e+00 -1.899999999999999911e+00 4.222073443885149824e-01 5.777926556114850731e-01 
 7.600000000000000000e+01 -1.902136176978195259e+00 1.899999999999999911e+00 4.216258225345089206e-01 5.783741774654910239e-01 
 7.700000000000000000e+01 -1.871456561220482318e+00 1.899999999999999911e+00 4.216584155944723689e-01 5.783415844055276311e-01 
 7.800000000000000000e+01 -1.661812520209444699e+00 1.899999999999999911e+00 3.665457797010058250e-01 6.334542202989941195e-01 
 7.900000000000000000e+01 -1.513527710713832741e+00 -1.899999999999999911e+00 3.835279837465805919e-01 6.164720162534194081e-01 
 8.000000000000000000e+01 -1.426602132733646444e+00 -1.899999999999999911e+00 4.287740731562396657e-01 5.712259268437603899e-01 
 8.100000000000000000e+01 -1.661812520209444699e+00 -1.899999999999999911e+00 4.597478697023334449e-01 5.402521302976664996e-01 
 8.200000000000000000e+01 -1.804984060412104574e+00 1.899999999999999911e+00 3.467821954619982883e-01 6.532178045380017117e-01 
 8.300000000000000000e+01 -1.866343291927530235e+00 1.899999999999999911e+00 3.765276172257231990e-01 6.234723827742767455e-01 
 8.400000000000000000e+01 -1.656699250916492616e+00 1.899999999999999911e+00 3.715891513009884073e-01 6.284108486990115372e-01 
 8.500000000000000000e+01 -1.513527710713832741e+00 1.899999999999999911e+00 4.072638418264464266e-01 5.927361581735535179e-01 
 8.600000000000000000e+01 -1.360129631925268479e+00 1.899999999999999911e+00 4.040091559260862164e-01 5.959908440739137836e-01 
 8.700000000000000000e+01 -1.170938668086039414e+00 1.899999999999999911e+00 4.071930524667590756e-01 5.928069475332410354e-01 
 8.800000000000000000e+01 -1.017540589297475373e+00 1.899999999999999911e+00 4.100645228165242240e-01 5.899354771834758315e-01 
 8.900000000000000000e+01 -8.283496254582463081e-01 -1.899999999999999911e+00 4.945362709840327997e-01 5.054637290159672558e-01 
 9.000000000000000000e+01 -7.567638553569163706e-01 1.899999999999999911e+00 4.945620735582509919e-01 5.054379264417491191e-01 
 9.100000000000000000e+01 -8.641425105089112213e-01 1.899999999999999911e+00 3.629848461589856301e-01 6.370151538410142589e-01 
 9.200000000000000000e+01 -6.289321230331129664e-01 1.899999999999999911e+00 4.613144370126355809e-01 5.386855629873643636e-01 
 9.300000000000000000e+01 -4.908738521234051744e-01 -1.899999999999999911e+00 4.461632023573346983e-01 5.538367976426652461e-01 
 9.400000000000000000e+01 -4.090615434361710157e-01 1.899999999999999911e+00 4.917530646986873477e-01 5.082469353013127078e-01 
 9.500000000000000000e+01 -5.215534678811180047e-01 -1.899999999999999911e+00 4.458891407388679284e-01 5.541108592611320161e-01 
 9.600000000000000000e+01 -3.834951969714103237e-01 -1.899999999999999911e+00 4.922119109325674424e-01 5.077880890674325576e-01 
 9.700000000000000000e+01 -6.135923151542564957e-01 -1.899999999999999911e+00 4.448360668012159569e-01 5.551639331987839876e-01 
 9.800000000000000000e+01 -7.721036632357727303e-01 1.899999999999999911e+00 4.448444695499342294e-01 5.551555304500657151e-01 
 9.900000000000000000e+01 -8.590292412159591384e-01 1.899999999999999911e+00 3.569019364708871378e-01 6.430980635291128067e-01 
 1.000000000000000000e+02 -6.391586616190172432e-01 -1.899999999999999911e+00 4.351448079890143927e-01 5.648551920109856628e-01 
 1.010000000000000000e+02 -6.033657765683522189e-01 1.899999999999999911e+00 4.295635691570108272e-01 5.704364308429892283e-01 
 1.020000000000000000e+02 -7.158577010132992635e-01 -1.899999999999999911e+00 4.518715105939469234e-01 5.481284894060530766e-01 
 1.030000000000000000e+02 -5.624596222247351118e-01 1.899999999999999911e+00 4.531211277137274784e-01 5.468788722862725216e-01 
 1.040000000000000000e+02 -7.260842395992035403e-01 1.899999999999999911e+00 4.525057290352681449e-01 5.474942709647319106e-01 
 1.050000000000000000e+02 -4.601942363656923995e-01 -1.899999999999999911e+00 4.533566236256941218e-01 5.466433763743059338e-01 
 1.060000000000000000e+02 -4.192880820220752924e-01 -1.899999999999999911e+00 4.908982542889157585e-01 5.091017457110842415e-01 
 1.070000000000000000e+02 -6.187055844472086896e-01 1.899999999999999911e+00 4.507441788819921413e-01 5.492558211180078587e-01 
 1.080000000000000000e+02 -6.902913545485385161e-01 1.899999999999999911e+00 4.506317556823685178e-01 5.493682443176314267e-01 
 1.090000000000000000e+02 -4.550809670727402612e-01 1.899999999999999911e+00 4.556375045711740235e-01 5.443624954288259765e-01 
 1.100000000000000000e+02 -3.170226961630325246e-01 1.899999999999999911e+00 4.924379354155100086e-01 5.075620645844899359e-01 
 1.110000000000000000e+02 -1.585113480815162623e-01 -1.899999999999999911e+00 4.918555366610192769e-01 5.081444633389807786e-01 
 1.120000000000000000e+02 -1.176051937378991691e-01 1.899999999999999911e+00 4.937666878123030401e-01 5.062333121876969599e-01 
 1.130000000000000000e+02 -2.556634646476068640e-01 1.899999999999999911e+00 4.929513908215975015e-01 5.070486091784025540e-01 
 1.140000000000000000e+02 -3.067961575771282340e-02 1.899999999999999911e+00 4.920662711610208628e-01 5.079337288389791372e-01 
 1.150000000000000000e+02 1.329450016167555704e-01 1.899999999999999911e+00 4.873452216228522094e-01 5.126547783771477906e-01 
 1.160000000000000000e+02 2.863430804053196943e-01 1.899999999999999911e+00 4.873452879202048726e-01 5.126547120797951829e-01 
 1.170000000000000000e+02 4.295146206079795692e-01 1.899999999999999911e+00 5.000000000000000000e-01 5.000000000000000000e-01 
 1.180000000000000000e+02 6.238188537401607725e-01 -1.899999999999999911e+00 5.000000000000000000e-01 5.000000000000000000e-01 
 1.190000000000000000e+02 6.954046238414907100e-01 1.899999999999999911e+00 5.007706252491193055e-01 4.992293747508807500e-01 
 1.200000000000000000e+02 5.573463529317830290e-01 1.899999999999999911e+00 5.007010452502738129e-01 4.992989547497261871e-01 
 1.210000000000000000e+02 7.976700097005334777e-01 1.899999999999999911e+00 5.004066199906851420e-01 4.995933800093148580e-01 
 1.220000000000000000e+02 9.510680884890976294e-01 1.899999999999999911e+00 5.000000000000000000e-01 5.000000000000000000e-01 
 1.230000000000000000e+02 1.104466167277661670e+00 -1.899999999999999911e+00 5.000000000000000000e-01 5.000000000000000000e-01 
 1.240000000000000000e+02 1.196505014550800272e+00 -1.899999999999999911e+00 5.013637013289380384e-01 4.986362986710620171e-01 
 1.250000000000000000e+02 9.561813577820497123e-01 1.899999999999999911e+00 5.036618671228344502e-01 4.963381328771656054e-01 
 1.260000000000000000e+02 8.897088569736719688e-01 1.899999999999999911e+00 5.039913979660739507e-01 4.960086020339259938e-01 
 1.270000000000000000e+02 1.094239628691757504e+00 -1.899999999999999911e+00 5.039463968461712629e-01 4.960536031538286816e-01 
 1.280000000000000000e+02 1.155598860207183165e+00 -1.899999999999999911e+00 5.041518964053960383e-01 4.958481035946040727e-01 
 1.290000000000000000e+02 9.152752034384326052e-01 -1.899999999999999911e+00 5.043680338786274975e-01 4.956319661213725580e-01 
 1.300000000000000000e+02 7.772169325287249242e-01 -1.899999999999999911e+00 4.898931870251855281e-01 5.101068129748144164e-01 
 1.310000000000000000e+02 5.829126993965436654e-01 -1.899999999999999911e+00 4.916073807045994726e-01 5.083926192954005829e-01 
 1.320000000000000000e+02 4.346278899009317076e-01 -1.899999999999999911e+00 4.918366243619871070e-01 5.081633756380129485e-01 
 1.330000000000000000e+02 2.812298111123675559e-01 1.899999999999999911e+00 4.750030196785704484e-01 5.249969803214296071e-01 
 1.340000000000000000e+02 2.147573103039897846e-01 -1.899999999999999911e+00 4.748867092272780477e-01 5.251132907727219523e-01 
 1.350000000000000000e+02 3.067961575771282479e-01 -1.899999999999999911e+00 4.756476752063109048e-01 5.243523247936892062e-01 
 1.360000000000000000e+02 9.203884727313847713e-02 1.899999999999999911e+00 4.771783154347283840e-01 5.228216845652715605e-01 
 1.370000000000000000e+02 8.181230868723420036e-02 -1.899999999999999911e+00 4.772774113952821251e-01 5.227225886047178749e-01 
 1.380000000000000000e+02 1.994175024251333694e-01 1.899999999999999911e+00 4.774213208331870018e-01 5.225786791668129982e-01 
 1.390000000000000000e+02 5.113269292952137696e-02 -1.899999999999999911e+00 4.774342575231588226e-01 5.225657424768411774e-01 
 1.400000000000000000e+02 1.431715402026598472e-01 -1.899999999999999911e+00 4.772753319804565186e-01 5.227246680195435369e-01 
 1.410000000000000000e+02 -7.158577010132992358e-02 -1.899999999999999911e+00 4.625311120393836850e-01 5.374688879606164260e-01 
 1.420000000000000000e+02 -2.045307717180855078e-01 1.899999999999999911e+00 4.634229916733348942e-01 5.365770083266651058e-01 
 1.430000000000000000e+02 -2.710032725264632791e-01 -1.899999999999999911e+00 4.741731253618102770e-01 5.258268746381896674e-01 
 1.440000000000000000e+02 -1.329450016167555704e-01 1.899999999999999911e+00 4.753376690052200093e-01 5.246623309947798797e-01 
 1.450000000000000000e+02 -2.914563496982718327e-01 -1.899999999999999911e+00 4.796713781429646217e-01 5.203286218570354338e-01 
 1.460000000000000000e+02 -1.482848094956119855e-01 -1.899999999999999911e+00 4.798928399782724230e-01 5.201071600217275215e-01 
 1.470000000000000000e+02 -3.886084662643624621e-01 1.899999999999999911e+00 4.796361507295112125e-01 5.203638492704887319e-01 
 1.480000000000000000e+02 -4.397411591938838460e-01 1.899999999999999911e+00 4.124665813045957363e-01 5.875334186954042082e-01 
 1.490000000000000000e+02 -2.147573103039897846e-01 -1.899999999999999911e+00 4.913091032210213926e-01 5.086908967789786074e-01 
 1.500000000000000000e+02 -1.482848094956119855e-01 -1.899999999999999911e+00 4.957334401031003313e-01 5.042665598968997243e-01 
 1.510000000000000000e+02 -3.681553890925539085e-01 -1.899999999999999911e+00 4.937205367131616285e-01 5.062794632868383715e-01 
 1.520000000000000000e+02 -5.215534678811180047e-01 1.899999999999999911e+00 4.190251802292252470e-01 5.809748197707746975e-01 
 1.530000000000000000e+02 -6.033657765683522189e-01 -1.899999999999999911e+00 4.132896516452034819e-01 5.867103483547964071e-01 
 1.540000000000000000e+02 -4.653075056586445379e-01 1.899999999999999911e+00 3.910008207737956654e-01 6.089991792262042791e-01 
 1.550000000000000000e+02 -5.982525072754001361e-01 -1.899999999999999911e+00 3.902977802408424401e-01 6.097022197591575043e-01 
 1.560000000000000000e+02 -4.499676977797881228e-01 -1.899999999999999911e+00 3.859962683274388850e-01 6.140037316725611705e-01 
 1.570000000000000000e+02 -6.851780852555864332e-01 -1.899999999999999911e+00 3.835426772264612927e-01 6.164573227735388183e-01 
 1.580000000000000000e+02 -8.436894333371026677e-01 1.899999999999999911e+00 3.544199120238884504e-01 6.455800879761116606e-01 
 1.590000000000000000e+02 -9.306150113172890759e-01 1.899999999999999911e+00 3.544238335555289776e-01 6.455761664444710224e-01 
 1.600000000000000000e+02 -7.107444317203470696e-01 1.899999999999999911e+00 3.902227182884621670e-01 6.097772817115377775e-01 
 1.610000000000000000e+02 -5.317800064670222815e-01 -1.899999999999999911e+00 3.888621375977631134e-01 6.111378624022367756e-01 
 1.620000000000000000e+02 -4.704207749515966763e-01 1.899999999999999911e+00 3.760156852819425688e-01 6.239843147180573757e-01 
 1.630000000000000000e+02 -6.033657765683522189e-01 1.899999999999999911e+00 3.760972806688359094e-01 6.239027193311640351e-01 
 1.640000000000000000e+02 -3.477023119207453550e-01 -1.899999999999999911e+00 5.076109393920127388e-01 4.923890606079872057e-01 
 1.650000000000000000e+02 -2.812298111123675559e-01 1.899999999999999911e+00 5.050465149575359414e-01 4.949534850424640031e-01 
 1.660000000000000000e+02 -4.039482741432188773e-01 1.899999999999999911e+00 4.650998303947460055e-01 5.349001696052539945e-01 
 1.670000000000000000e+02 -1.533980787885641239e-01 1.899999999999999911e+00 4.288884502208871186e-01 5.711115497791128259e-01 
 1.680000000000000000e+02 -2.556634646476068848e-02 1.899999999999999911e+00 4.100153035303151783e-01 5.899846964696848772e-01 
 1.690000000000000000e+02 1.329450016167555704e-01 1.899999999999999911e+00 4.074715042466458548e-01 5.925284957533542007e-01 
 1.700000000000000000e+02 3.067961575771282479e-01 -1.899999999999999911e+00 4.095591939316252650e-01 5.904408060683747905e-01 
 1.710000000000000000e+02 3.937217355573146005e-01 1.899999999999999911e+00 4.376428532217606637e-01 5.623571467782392252e-01 
 1.720000000000000000e+02 2.761165418194154175e-01 -1.899999999999999911e+00 4.313905189200414880e-01 5.686094810799585675e-01 
 1.730000000000000000e+02 4.141748127291231540e-01 -1.899999999999999911e+00 4.393137179825277183e-01 5.606862820174722817e-01 
 1.740000000000000000e+02 1.687378866674205391e-01 1.899999999999999911e+00 4.474073909361568346e-01 5.525926090638432209e-01 
 1.750000000000000000e+02 1.227184630308512936e-01 1.899999999999999911e+00 4.476474870728973654e-01 5.523525129271026346e-01 
 1.760000000000000000e+02 3.221359654559846630e-01 -1.899999999999999911e+00 4.475026180551313626e-01 5.524973819448686374e-01 
 1.770000000000000000e+02 3.528155812136974934e-01 1.899999999999999911e+00 4.475147689081643843e-01 5.524852310918356713e-01 
 1.780000000000000000e+02 2.403236567687504766e-01 -1.899999999999999911e+00 4.474894736648151738e-01 5.525105263351847151e-01 
 1.790000000000000000e+02 3.783819276784581853e-01 -1.899999999999999911e+00 4.474978842213426788e-01 5.525021157786573767e-01 
 1.800000000000000000e+02 1.329450016167555704e-01 1.899999999999999911e+00 4.476655625705706076e-01 5.523344374294294479e-01 
 1.810000000000000000e+02 9.203884727313847713e-02 -1.899999999999999911e+00 4.477900459696179114e-01 5.522099540303820886e-01 
 1.820000000000000000e+02 2.096440410110376462e-01 -1.899999999999999911e+00 4.478375318754743151e-01 5.521624681245257404e-01 
 1.830000000000000000e+02 -3.067961575771282340e-02 1.899999999999999911e+00 1.405321924105620568e-01 8.594678075894379710e-01 
 1.840000000000000000e+02 -1.022653858590427539e-01 1.899999999999999911e+00 1.615999687463088030e-01 8.384000312536911137e-01 
 1.850000000000000000e+02 9.715211656609061552e-02 -1.899999999999999911e+00 4.917095032270725752e-01 5.082904967729274803e-01 
 1.860000000000000000e+02 1.278317323238034320e-01 1.899999999999999911e+00 4.717885933168146639e-01 5.282114066831853361e-01 
 1.870000000000000000e+02 0.000000000000000000e+00 1.899999999999999911e+00 3.613486072910159219e-01 6.386513927089839671e-01 
 1.880000000000000000e+02 2.249838488898940614e-01 -1.899999999999999911e+00 4.232381538658580578e-01 5.767618461341420533e-01 
 1.890000000000000000e+02 2.761165418194154175e-01 1.899999999999999911e+00 4.095006369077574537e-01 5.904993630922426018e-01 
 1.900000000000000000e+02 1.840776945462769543e-01 1.899999999999999911e+00 4.196563790426865448e-01 5.803436209573135107e-01 
 1.910000000000000000e+02 3.937217355573146005e-01 -1.899999999999999911e+00 4.132403536374985586e-01 5.867596463625014414e-01 
 1.920000000000000000e+02 4.397411591938838460e-01 -1.899999999999999911e+00 4.923818732430567668e-01 5.076181267569432887e-01 
 1.930000000000000000e+02 2.198705795969419230e-01 -1.899999999999999911e+00 4.120747419601408779e-01 5.879252580398590666e-01 
 1.940000000000000000e+02 8.692557798018633874e-02 1.899999999999999911e+00 4.118183939530932758e-01 5.881816060469067242e-01 
 1.950000000000000000e+02 4.090615434361710018e-02 -1.899999999999999911e+00 4.216442673373520522e-01 5.783557326626479478e-01 
 1.960000000000000000e+02 1.789644252533248159e-01 1.899999999999999911e+00 4.193333165287896902e-01 5.806666834712101988e-01 
 1.970000000000000000e+02 4.090615434361710018e-02 -1.899999999999999911e+00 4.217008771029559511e-01 5.782991228970439934e-01 
 1.980000000000000000e+02 1.585113480815162623e-01 1.899999999999999911e+00 4.211877608872962031e-01 5.788122391127038524e-01 
 1.990000000000000000e+02 5.113269292952137522e-03 -1.899999999999999911e+00 4.215766894334069814e-01 5.784233105665931296e-01 
 2.000000000000000000e+02 1.482848094956119855e-01 -1.899999999999999911e+00 4.216325268420723638e-01 5.783674731579276918e-01 
 2.010000000000000000e+02 -1.124919244449470307e-01 1.899999999999999911e+00 1.722885994536816623e-01 8.277114005463184210e-01 
 2.020000000000000000e+02 -1.738511559603726775e-01 -1.899999999999999911e+00 1.801500898809942908e-01 8.198499101190056537e-01 
 2.030000000000000000e+02 -3.067961575771282340e-02 -1.899999999999999911e+00 1.727500075801791934e-01 8.272499924198208898e-01 
 2.040000000000000000e+02 -2.556634646476068640e-01 1.899999999999999911e+00 1.549906111903509853e-01 8.450093888096490424e-01 
 2.050000000000000000e+02 -2.812298111123675559e-01 1.899999999999999911e+00 1.825059162747364738e-01 8.174940837252634429e-01 
 2.060000000000000000e+02 -8.181230868723420036e-02 1.899999999999999911e+00 2.091012674867534504e-01 7.908987325132466051e-01 
 2.070000000000000000e+02 8.181230868723420036e-02 -1.899999999999999911e+00 7.863179375391446957e-01 2.136820624608552210e-01 
 2.080000000000000000e+02 1.533980787885641239e-01 -1.899999999999999911e+00 6.353474722254046636e-01 3.646525277745952809e-01 
 2.090000000000000000e+02 -4.090615434361710018e-02 1.899999999999999911e+00 8.885539923788304123e-03 9.911144600762118451e-01 
 2.100000000000000000e+02 -7.158577010132992358e-02 1.899999999999999911e+00 3.442317646868429948e-02 9.655768235313156866e-01 
 2.110000000000000000e+02 1.329450016167555704e-01 -1.899999999999999911e+00 9.730016335628657309e-01 2.699836643713428644e-02 
 2.120000000000000000e+02 1.943042331321812310e-01 -1.899999999999999911e+00 9.220046310917251464e-01 7.799536890827482583e-02 
 2.130000000000000000e+02 -3.067961575771282340e-02 1.899999999999999911e+00 1.033770438965919691e-01 8.966229561034081419e-01 
 2.140000000000000000e+02 -9.203884727313847713e-02 1.899999999999999911e+00 2.251157384989133370e-01 7.748842615010865797e-01 
 2.150000000000000000e+02 1.329450016167555704e-01 -1.899999999999999911e+00 9.960237980225499221e-01 3.976201977450106485e-03 
 2.160000000000000000e+02 1.891909638392290927e-01 -1.899999999999999911e+00 9.893004433078461668e-01 1.069955669215381759e-02 
 2.170000000000000000e+02 -1.022653858590427504e-02 1.899999999999999911e+00 7.537948126902659363e-01 2.462051873097340915e-01 
 2.180000000000000000e+02 -5.113269292952137696e-02 -1.899999999999999911e+00 7.827802617037493693e-01 2.172197382962507139e-01 
 2.190000000000000000e+02 6.647250080837778519e-02 -1.899999999999999911e+00 9.908167143622560458e-01 9.183285637743947294e-03 
 2.200000000000000000e+02 -1.840776945462769543e-01 -1.899999999999999911e+00 9.708659185804504599e-01 2.913408141954943603e-02 
 2.210000000000000000e+02 -3.119094268700803863e-01 -1.899999999999999911e+00 9.738479124497217976e-01 2.615208755027811915e-02 
 2.220000000000000000e+02 -4.806473135375009531e-01 -1.899999999999999911e+00 3.534852060710649835e-01 6.465147939289350720e-01 
 2.230000000000000000e+02 -6.289321230331129664e-01 1.899999999999999911e+00 3.535117000111398511e-01 6.464882999888601489e-01 
 2.240000000000000000e+02 -6.851780852555864332e-01 1.899999999999999911e+00 5.298374071853239053e-01 4.701625928146762057e-01 
 2.250000000000000000e+02 -4.704207749515966763e-01 -1.899999999999999911e+00 7.433792857592568248e-01 2.566207142407431752e-01 
 2.260000000000000000e+02 -4.192880820220752924e-01 1.899999999999999911e+00 8.216776900795913301e-05 9.999178322309920652e-01 
 2.270000000000000000e+02 -5.215534678811180047e-01 1.899999999999999911e+00 3.736437063230965694e-01 6.263562936769034861e-01 
 2.280000000000000000e+02 -2.965696189912239711e-01 1.899999999999999911e+00 1.118292649854075397e-03 9.988817073501459198e-01 
 2.290000000000000000e+02 -1.687378866674205391e-01 1.899999999999999911e+00 1.212108475161823235e-03 9.987878915248382672e-01 
 2.300000000000000000e+02 2.045307717180855009e-02 -1.899999999999999911e+00 8.469256043565903669e-01 1.530743956434097164e-01 
 2.310000000000000000e+02 1.073786551519948923e-01 1.899999999999999911e+00 9.504477094066591247e-01 4.955229059334084057e-02 
 2.320000000000000000e+02 -2.045307717180855009e-02 1.899999999999999911e+00 3.658351957274813548e-02 9.634164804272519200e-01 
 2.330000000000000000e+02 2.045307717180855078e-01 -1.899999999999999911e+00 9.979148641225076277e-01 2.085135877492341489e-03 
 2.340000000000000000e+02 2.300971181828461998e-01 -1.899999999999999911e+00 9.986039262552529605e-01 1.396073744746939311e-03 
 2.350000000000000000e+02 4.090615434361710018e-02 -1.899999999999999911e+00 9.998056792355565214e-01 1.943207644434911160e-04 
 2.360000000000000000e+02 -1.227184630308512936e-01 -1.899999999999999911e+00 8.347160896757140902e-01 1.652839103242859098e-01 
 2.370000000000000000e+02 -2.812298111123675559e-01 1.899999999999999911e+00 4.765339850467478072e-02 9.523466014953252401e-01 
 2.380000000000000000e+02 -3.477023119207453550e-01 1.899999999999999911e+00 6.091593655326715817e-02 9.390840634467328973e-01 
 2.390000000000000000e+02 -1.482848094956119855e-01 1.899999999999999911e+00 1.773240827612106441e-01 8.226759172387894115e-01 
 2.400000000000000000e+02 1.533980787885641170e-02 1.899999999999999911e+00 1.652201998048828782e-06 9.999983477980018964e-01 
 2.410000000000000000e+02 1.789644252533248159e-01 1.899999999999999911e+00 3.054498529468025522e-03 9.969455014705320695e-01 
 2.420000000000000000e+02 3.272492347489368014e-01 1.899999999999999911e+00 1.842336549044421012e-02 9.815766345095557899e-01 
 2.430000000000000000e+02 5.062136600022616451e-01 1.899999999999999911e+00 4.446339046952036411e-01 5.553660953047964144e-01 
 2.440000000000000000e+02 6.544984694978736028e-01 -1.899999999999999911e+00 4.447267668114496808e-01 5.552732331885502637e-01 
 2.450000000000000000e+02 7.311975088921556232e-01 -1.899999999999999911e+00 4.597787630450298479e-01 5.402212369549701521e-01 
 2.460000000000000000e+02 5.215534678811180047e-01 -1.899999999999999911e+00 4.834210937496541960e-01 5.165789062503457485e-01 
 2.470000000000000000e+02 3.528155812136974934e-01 1.899999999999999911e+00 2.741346055716206796e-03 9.972586539442838127e-01 
 2.480000000000000000e+02 2.761165418194154175e-01 1.899999999999999911e+00 2.953956605304918371e-03 9.970460433946951584e-01 
 2.490000000000000000e+02 4.755340442445488147e-01 1.899999999999999911e+00 4.966943835633124693e-01 5.033056164366874752e-01 
 2.500000000000000000e+02 6.442719309119693261e-01 1.899999999999999911e+00 4.988105352870513265e-01 5.011894647129485625e-01 
 2.510000000000000000e+02 8.130098175793898374e-01 -1.899999999999999911e+00 4.841121762548462604e-01 5.158878237451537396e-01 
 2.520000000000000000e+02 8.590292412159591384e-01 1.899999999999999911e+00 4.708062595177108789e-01 5.291937404822890656e-01 
 2.530000000000000000e+02 7.260842395992035403e-01 1.899999999999999911e+00 4.803402746633386178e-01 5.196597253366614932e-01 
 2.540000000000000000e+02 9.510680884890976294e-01 -1.899999999999999911e+00 4.674978801333239398e-01 5.325021198666760602e-01 
 2.550000000000000000e+02 1.007314050711570985e+00 1.899999999999999911e+00 4.657961423378890187e-01 5.342038576621109813e-01 
 2.560000000000000000e+02 9.050486648525283284e-01 -1.899999999999999911e+00 4.458246369964710687e-01 5.541753630035288758e-01 
 2.570000000000000000e+02 1.043106935762236009e+00 1.899999999999999911e+00 4.403558629080812081e-01 5.596441370919187364e-01 
 2.580000000000000000e+02 8.845955876807197749e-01 1.899999999999999911e+00 4.340590369172569463e-01 5.659409630827431092e-01 
 2.590000000000000000e+02 1.150485590914230860e+00 -1.899999999999999911e+00 4.313354226493541499e-01 5.686645773506459056e-01 
 2.600000000000000000e+02 1.196505014550800272e+00 -1.899999999999999911e+00 4.304597582493653318e-01 5.695402417506345571e-01 
 2.610000000000000000e+02 9.868609735397625427e-01 1.899999999999999911e+00 4.303916311060385080e-01 5.696083688939614920e-01 
 2.620000000000000000e+02 9.612946270750019062e-01 -1.899999999999999911e+00 4.308218638889312890e-01 5.691781361110687110e-01 
 2.630000000000000000e+02 1.063560012934044563e+00 1.899999999999999911e+00 4.308255210000327406e-01 5.691744789999672038e-01 
 2.640000000000000000e+02 9.203884727313847991e-01 1.899999999999999911e+00 4.306099383642742473e-01 5.693900616357258082e-01 
 2.650000000000000000e+02 1.150485590914230860e+00 -1.899999999999999911e+00 4.311613417643597734e-01 5.688386582356402821e-01 
 2.660000000000000000e+02 1.181165206671943801e+00 1.899999999999999911e+00 4.306211455129985155e-01 5.693788544870015400e-01 
 2.670000000000000000e+02 1.068673282226996646e+00 1.899999999999999911e+00 4.308697484623941198e-01 5.691302515376058802e-01 
 2.680000000000000000e+02 1.319223477581651371e+00 1.899999999999999911e+00 5.000000000000000000e-01 5.000000000000000000e-01 
 2.690000000000000000e+02 1.452168479198407081e+00 -1.899999999999999911e+00 5.000000000000000000e-01 5.000000000000000000e-01 
 2.700000000000000000e+02 1.539094057178593378e+00 1.899999999999999911e+00 5.017670226034020020e-01 4.982329773965980535e-01 
 2.710000000000000000e+02 1.421488863440694139e+00 -1.899999999999999911e+00 5.016195591091126005e-01 4.983804408908874550e-01 
 2.720000000000000000e+02 1.585113480815162568e+00 -1.899999999999999911e+00 5.023711640499352038e-01 4.976288359500647962e-01 
 2.730000000000000000e+02 1.349903093339364313e+00 -1.899999999999999911e+00 5.034443062032287752e-01 4.965556937967712248e-01 
 2.740000000000000000e+02 1.191391745257847967e+00 -1.899999999999999911e+00 4.122506209713831526e-01 5.877493790286169029e-01 
 2.750000000000000000e+02 1.022653858590427456e+00 -1.899999999999999911e+00 4.199897941820083247e-01 5.800102058179916753e-01 
 2.760000000000000000e+02 8.692557798018634152e-01 1.899999999999999911e+00 4.247052998213380337e-01 5.752947001786620218e-01 
 2.770000000000000000e+02 7.976700097005334777e-01 -1.899999999999999911e+00 4.831152537138308500e-01 5.168847462861692055e-01 
 2.780000000000000000e+02 9.050486648525283284e-01 -1.899999999999999911e+00 4.384218781871939696e-01 5.615781218128060859e-01 
 2.790000000000000000e+02 6.544984694978736028e-01 -1.899999999999999911e+00 4.782294420495603049e-01 5.217705579504396951e-01 
 2.800000000000000000e+02 5.113269292952137279e-01 -1.899999999999999911e+00 4.765026586391879482e-01 5.234973413608120518e-01 
 2.810000000000000000e+02 3.528155812136974934e-01 1.899999999999999911e+00 1.763994915852564642e-03 9.982360050841473376e-01 
 2.820000000000000000e+02 3.374757733348410782e-01 1.899999999999999911e+00 1.794560721750073718e-03 9.982054392782497843e-01 
 2.830000000000000000e+02 5.215534678811180047e-01 -1.899999999999999911e+00 4.713078708131053229e-01 5.286921291868945660e-01 
 2.840000000000000000e+02 5.931392379824479422e-01 1.899999999999999911e+00 4.730306686339625366e-01 5.269693313660375189e-01 
 2.850000000000000000e+02 5.215534678811180047e-01 -1.899999999999999911e+00 4.330782464790412511e-01 5.669217535209586378e-01 
 2.860000000000000000e+02 6.544984694978736028e-01 -1.899999999999999911e+00 4.286871667289914312e-01 5.713128332710085688e-01 
 2.870000000000000000e+02 4.295146206079795692e-01 -1.899999999999999911e+00 4.301796262868919363e-01 5.698203737131081192e-01 
 2.880000000000000000e+02 2.965696189912239711e-01 1.899999999999999911e+00 2.329686028320441128e-03 9.976703139716796009e-01 
 2.890000000000000000e+02 2.556634646476068640e-01 1.899999999999999911e+00 2.462800747553232656e-03 9.975371992524466602e-01 
 2.900000000000000000e+02 4.499676977797881228e-01 -1.899999999999999911e+00 4.814582219379416883e-01 5.185417780620582562e-01 
 2.910000000000000000e+02 4.959871214163573128e-01 1.899999999999999911e+00 4.676458630559442442e-01 5.323541369440557558e-01 
 2.920000000000000000e+02 3.783819276784581853e-01 1.899999999999999911e+00 2.702652257721756962e-03 9.972973477422781841e-01 
 2.930000000000000000e+02 5.982525072754001361e-01 -1.899999999999999911e+00 4.914359999521904498e-01 5.085640000478096612e-01 
 2.940000000000000000e+02 6.391586616190172432e-01 -1.899999999999999911e+00 5.134056023350331843e-01 4.865943976649668157e-01 
 2.950000000000000000e+02 4.346278899009317076e-01 -1.899999999999999911e+00 4.406157129211014101e-01 5.593842870788986454e-01 
 2.960000000000000000e+02 2.965696189912239711e-01 1.899999999999999911e+00 3.080108634177758289e-03 9.969198913658222638e-01 
 2.970000000000000000e+02 2.403236567687504766e-01 1.899999999999999911e+00 3.069155871171855201e-03 9.969308441288280420e-01 
 2.980000000000000000e+02 4.397411591938838460e-01 -1.899999999999999911e+00 6.446748745786416990e-01 3.553251254213582455e-01 
 2.990000000000000000e+02 5.011003907093094512e-01 -1.899999999999999911e+00 5.676359184720084494e-01 4.323640815279915506e-01 
 3.000000000000000000e+02 3.016828882841761095e-01 1.899999999999999911e+00 3.837884566729700235e-03 9.961621154332703787e-01 
 3.010000000000000000e+02 2.812298111123675559e-01 1.899999999999999911e+00 4.120893359140551104e-03 9.958791066408594350e-01 
 3.020000000000000000e+02 4.755340442445488147e-01 -1.899999999999999911e+00 7.612330024222995206e-01 2.387669975777005904e-01 
 3.030000000000000000e+02 5.164401985881659218e-01 1.899999999999999911e+00 6.776896510421651643e-01 3.223103489578349468e-01 
 3.040000000000000000e+02 4.090615434361710157e-01 1.899999999999999911e+00 5.581138230467555875e-03 9.944188617695323140e-01 
 3.050000000000000000e+02 6.493852002049215200e-01 -1.899999999999999911e+00 7.319559681409527618e-01 2.680440318590472382e-01 
 3.060000000000000000e+02 7.209709703062513464e-01 -1.899999999999999911e+00 7.459465543441216040e-01 2.540534456558782850e-01 
 3.070000000000000000e+02 5.164401985881659218e-01 -1.899999999999999911e+00 6.354637655389828721e-01 3.645362344610172389e-01 
 3.080000000000000000e+02 3.528155812136974934e-01 1.899999999999999911e+00 7.508954763911410667e-03 9.924910452360884427e-01 
 3.090000000000000000e+02 2.710032725264632791e-01 1.899999999999999911e+00 6.409782873724622319e-03 9.935902171262754878e-01 
 3.100000000000000000e+02 4.755340442445488147e-01 -1.899999999999999911e+00 8.552698207528168783e-01 1.447301792471831772e-01 
 3.110000000000000000e+02 4.959871214163573128e-01 -1.899999999999999911e+00 7.745357644897046256e-01 2.254642355102952356e-01 
 3.120000000000000000e+02 3.016828882841761095e-01 1.899999999999999911e+00 1.289671426257939582e-02 9.871032857374205660e-01 
 3.130000000000000000e+02 2.300971181828461998e-01 1.899999999999999911e+00 1.130818819356354567e-02 9.886918118064363936e-01 
 3.140000000000000000e+02 4.499676977797881228e-01 -1.899999999999999911e+00 9.272666251201151510e-01 7.273337487988493222e-02 
 3.150000000000000000e+02 5.164401985881659218e-01 -1.899999999999999911e+00 8.766401893537514312e-01 1.233598106462484301e-01 
 3.160000000000000000e+02 3.221359654559846630e-01 1.899999999999999911e+00 2.654144810544530053e-02 9.734585518945547689e-01 
 3.170000000000000000e+02 3.016828882841761095e-01 1.899999999999999911e+00 2.346770192369376437e-02 9.765322980763061489e-01 
 3.180000000000000000e+02 4.908738521234051744e-01 -1.899999999999999911e+00 9.673740443605508554e-01 3.262595563944901272e-02 
 3.190000000000000000e+02 5.368932757599744754e-01 -1.899999999999999911e+00 9.431984433294213765e-01 5.680155667057867203e-02 
 3.200000000000000000e+02 3.374757733348410782e-01 1.899999999999999911e+00 6.614916568999454349e-02 9.338508343100053732e-01 
 3.210000000000000000e+02 2.761165418194154175e-01 1.899999999999999911e+00 5.684749377781362495e-02 9.431525062221862710e-01 
 3.220000000000000000e+02 4.959871214163573128e-01 -1.899999999999999911e+00 9.866135679057719265e-01 1.338643209422820009e-02 
 3.230000000000000000e+02 5.573463529317830290e-01 -1.899999999999999911e+00 9.776444254019144298e-01 2.235557459808557024e-02 
 3.240000000000000000e+02 3.323625040418889398e-01 1.899999999999999911e+00 1.898228076638256989e-01 8.101771923361742456e-01 
 3.250000000000000000e+02 2.607767339405590024e-01 1.899999999999999911e+00 1.552489957076757798e-01 8.447510042923241924e-01 
 3.260000000000000000e+02 4.550809670727402612e-01 -1.899999999999999911e+00 9.941024227633062926e-01 5.897577236693645787e-03 
 3.270000000000000000e+02 5.164401985881659218e-01 -1.899999999999999911e+00 9.916824667442363239e-01 8.317533255763757613e-03 
 3.280000000000000000e+02 2.914563496982718327e-01 -1.899999999999999911e+00 5.165473382601345476e-01 4.834526617398655080e-01 
 3.290000000000000000e+02 1.585113480815162623e-01 1.899999999999999911e+00 4.110425451088594584e-01 5.889574548911404861e-01 
 3.300000000000000000e+02 1.176051937378991691e-01 1.899999999999999911e+00 5.121577466473994367e-01 4.878422533526006744e-01 
 3.310000000000000000e+02 3.221359654559846630e-01 -1.899999999999999911e+00 5.276994147725986295e-01 4.723005852274013150e-01 
 3.320000000000000000e+02 3.528155812136974934e-01 1.899999999999999911e+00 5.275098360432326494e-01 4.724901639567672951e-01 
 3.330000000000000000e+02 2.761165418194154175e-01 1.899999999999999911e+00 5.275721924857047496e-01 4.724278075142952504e-01 
 3.340000000000000000e+02 4.806473135375009531e-01 -1.899999999999999911e+00 9.370077517449334481e-01 6.299224825506651027e-02 
 3.350000000000000000e+02 5.522330836388308350e-01 -1.899999999999999911e+00 9.729494774274383140e-01 2.705052257256171030e-02 
 3.360000000000000000e+02 3.272492347489368014e-01 1.899999999999999911e+00 5.502014235458011493e-01 4.497985764541988507e-01 
 3.370000000000000000e+02 2.658900032335111407e-01 1.899999999999999911e+00 5.395635095828963390e-01 4.604364904171036055e-01 
 3.380000000000000000e+02 4.550809670727402612e-01 -1.899999999999999911e+00 9.523820570525202145e-01 4.761794294747971612e-02 
 3.390000000000000000e+02 4.806473135375009531e-01 -1.899999999999999911e+00 9.901959015870634984e-01 9.804098412936630008e-03 
 3.400000000000000000e+02 2.863430804053196943e-01 -1.899999999999999911e+00 9.734063278713643852e-01 2.659367212863573277e-02 
 3.410000000000000000e+02 1.533980787885641239e-01 -1.899999999999999911e+00 9.288994499759842816e-01 7.110055002401569069e-02 
 3.420000000000000000e+02 -5.113269292952137522e-03 1.899999999999999911e+00 9.612691532897163443e-17 1.000000000000000000e+00 
 3.430000000000000000e+02 -5.113269292952137696e-02 1.899999999999999911e+00 9.616666103738107124e-17 1.000000000000000000e+00 
 3.440000000000000000e+02 1.533980787885641239e-01 1.899999999999999911e+00 4.487712069393097643e-03 9.955122879306067540e-01 
 3.450000000000000000e+02 2.914563496982718327e-01 1.899999999999999911e+00 1.319381213916004901e-02 9.868061878608399562e-01 
 3.460000000000000000e+02 4.755340442445488147e-01 1.899999999999999911e+00 9.543981385733306183e-04 9.990456018614266576e-01 
 3.470000000000000000e+02 6.289321230331129664e-01 1.899999999999999911e+00 2.708884076815294695e-02 9.729111592318470114e-01 
 3.480000000000000000e+02 7.823302018216770071e-01 1.899999999999999911e+00 7.390014911679125553e-02 9.260998508832086751e-01 
 3.490000000000000000e+02 9.715211656609061830e-01 1.899999999999999911e+00 4.312706354154523525e-01 5.687293645845475920e-01 
 3.500000000000000000e+02 1.124919244449470224e+00 1.899999999999999911e+00 4.312784427780678165e-01 5.687215572219321835e-01 
 3.510000000000000000e+02 1.278317323238034486e+00 1.899999999999999911e+00 3.106741523290758589e-01 6.893258476709240856e-01 
 3.520000000000000000e+02 1.462395017784311246e+00 -1.899999999999999911e+00 3.107304269385031681e-01 6.892695730614968319e-01 
 3.530000000000000000e+02 1.549320595764497766e+00 1.899999999999999911e+00 3.419610429983666600e-01 6.580389570016333955e-01 
 3.540000000000000000e+02 1.395922516975933503e+00 1.899999999999999911e+00 3.112759190042890811e-01 6.887240809957110299e-01 
 3.550000000000000000e+02 1.656699250916492616e+00 1.899999999999999911e+00 2.624741272873739595e-01 7.375258727126260405e-01 
 3.560000000000000000e+02 1.794757521826200186e+00 -1.899999999999999911e+00 5.000000000000000000e-01 5.000000000000000000e-01 
 3.570000000000000000e+02 1.851003484048673764e+00 1.899999999999999911e+00 5.000000000000000000e-01 5.000000000000000000e-01 
 3.580000000000000000e+02 1.718058482431918277e+00 -1.899999999999999911e+00 4.977674084605831495e-01 5.022325915394169060e-01 
 3.590000000000000000e+02 1.881683099806386705e+00 1.899999999999999911e+00 4.979242061778855200e-01 5.020757938221145356e-01 
 3.600000000000000000e+02 1.743624828896678913e+00 1.899999999999999911e+00 4.967886084802769497e-01 5.032113915197230503e-01 
 3.610000000000000000e+02 1.937929062028860061e+00 -1.899999999999999911e+00 4.960121367014473925e-01 5.039878632985526075e-01 
 3.620000000000000000e+02 1.845890214755721681e+00 1.899999999999999911e+00 4.957643685953567747e-01 5.042356314046433363e-01 
 3.630000000000000000e+02 1.799870791119152491e+00 1.899999999999999911e+00 4.958152032838943346e-01 5.041847967161057209e-01 
 3.640000000000000000e+02 1.927702523442955895e+00 -1.899999999999999911e+00 4.959585163600734314e-01 5.040414836399265130e-01 
 3.650000000000000000e+02 1.851003484048673764e+00 1.899999999999999911e+00 4.957713920178303812e-01 5.042286079821696188e-01 
 3.660000000000000000e+02 1.758964636775535384e+00 1.899999999999999911e+00 4.959972315847163693e-01 5.040027684152835752e-01 
 3.670000000000000000e+02 1.927702523442955895e+00 -1.899999999999999911e+00 4.962621115520102766e-01 5.037378884479897234e-01 
 3.680000000000000000e+02 1.851003484048673764e+00 -1.899999999999999911e+00 4.958960442074609731e-01 5.041039557925390824e-01 
 3.690000000000000000e+02 1.656699250916492616e+00 1.899999999999999911e+00 2.162930644290782523e-01 7.837069355709217477e-01 
 3.700000000000000000e+02 1.569773672936306319e+00 1.899999999999999911e+00 2.166263723308924360e-01 7.833736276691074529e-01 
 3.710000000000000000e+02 1.789644252533248103e+00 -1.899999999999999911e+00 5.008882161293339852e-01 4.991117838706660148e-01 
 3.720000000000000000e+02 1.810097329705056657e+00 -1.899999999999999911e+00 4.986673906941234136e-01 5.013326093058766419e-01 
 3.730000000000000000e+02 1.605566557986971121e+00 1.899999999999999911e+00 2.171780450259931938e-01 7.828219549740067507e-01 
 3.740000000000000000e+02 1.528867518592689212e+00 1.899999999999999911e+00 2.179443359019839765e-01 7.820556640980159679e-01 
 3.750000000000000000e+02 1.743624828896678913e+00 1.899999999999999911e+00 5.047419816204921084e-01 4.952580183795077806e-01 
 3.760000000000000000e+02 1.902136176978195259e+00 1.899999999999999911e+00 5.019770583867892988e-01 4.980229416132107567e-01 
 3.770000000000000000e+02 1.902136176978195259e+00 1.899999999999999911e+00 4.960846585848424639e-01 5.039153414151575916e-01 
 3.780000000000000000e+02 1.902136176978195259e+00 1.899999999999999911e+00 4.972181185275488802e-01 5.027818814724510643e-01 
 3.790000000000000000e+02 1.902136176978195259e+00 1.899999999999999911e+00 4.969095011482645985e-01 5.030904988517352905e-01 
 3.800000000000000000e+02 1.902136176978195259e+00 -1.899999999999999911e+00 4.970147429050338350e-01 5.029852570949662205e-01 
 3.810000000000000000e+02 1.861230022634578152e+00 -1.899999999999999911e+00 4.969892157311489589e-01 5.030107842688511521e-01 
 3.820000000000000000e+02 1.677152328088301170e+00 1.899999999999999911e+00 2.136820181755264003e-01 7.863179818244736552e-01 
 3.830000000000000000e+02 1.631132904451731980e+00 1.899999999999999911e+00 2.153267780113854724e-01 7.846732219886146664e-01 
 3.840000000000000000e+02 1.845890214755721681e+00 1.899999999999999911e+00 5.103447786845591860e-01 4.896552213154408140e-01 
 3.850000000000000000e+02 1.902136176978195259e+00 -1.899999999999999911e+00 5.036495857395052456e-01 4.963504142604947544e-01 
 3.860000000000000000e+02 1.856116753341625847e+00 1.899999999999999911e+00 4.994918294101599598e-01 5.005081705898400957e-01 
 3.870000000000000000e+02 1.758964636775535384e+00 1.899999999999999911e+00 5.016547304859221290e-01 4.983452695140779265e-01 
 3.880000000000000000e+02 1.927702523442955895e+00 -1.899999999999999911e+00 5.009500301365819031e-01 4.990499698634181525e-01 
 3.890000000000000000e+02 1.851003484048673764e+00 1.899999999999999911e+00 5.007786153259513595e-01 4.992213846740486405e-01 
 3.900000000000000000e+02 1.758964636775535384e+00 -1.899999999999999911e+00 5.011271650904374209e-01 4.988728349095626347e-01 
 3.910000000000000000e+02 1.897022907685242954e+00 1.899999999999999911e+00 5.011752294761585569e-01 4.988247705238413876e-01 
 3.920000000000000000e+02 1.784530983240296020e+00 1.899999999999999911e+00 5.007805410000149005e-01 4.992194589999850440e-01 
 3.930000000000000000e+02 1.932815792735907978e+00 1.899999999999999911e+00 5.014906313045308650e-01 4.985093686954690795e-01 
 3.940000000000000000e+02 1.891909638392290871e+00 1.899999999999999911e+00 5.002998253339913104e-01 4.997001746660086341e-01 
 3.950000000000000000e+02 1.891909638392290871e+00 -1.899999999999999911e+00 5.014214679879034353e-01 4.985785320120964537e-01 
 3.960000000000000000e+02 1.856116753341625847e+00 -1.899999999999999911e+00 5.009167364260318500e-01 4.990832635739681500e-01 
 3.970000000000000000e+02 1.651585981623540311e+00 1.899999999999999911e+00 2.090150039579516950e-01 7.909849960420483050e-01 
 3.980000000000000000e+02 1.574886942229258402e+00 -1.899999999999999911e+00 2.103811368838951479e-01 7.896188631161048521e-01 
 3.990000000000000000e+02 1.718058482431918277e+00 -1.899999999999999911e+00 5.191220031822958436e-01 4.808779968177042674e-01 
 4.000000000000000000e+02 1.457281748491359163e+00 -1.899999999999999911e+00 2.132924283885516414e-01 7.867075716114484418e-01 
 4.010000000000000000e+02 1.324336746874603676e+00 -1.899999999999999911e+00 2.132371509760531691e-01 7.867628490239467753e-01 
 4.020000000000000000e+02 1.165825398793087331e+00 1.899999999999999911e+00 7.098079072086463381e-02 9.290192092791352829e-01 
 4.030000000000000000e+02 1.104466167277661670e+00 1.899999999999999911e+00 7.097118422053083631e-02 9.290288157794690527e-01 
 4.040000000000000000e+02 1.329450016167555759e+00 -1.899999999999999911e+00 2.029167970545199817e-01 7.970832029454799628e-01 
 4.050000000000000000e+02 1.406149055561837891e+00 1.899999999999999911e+00 2.036303791766497506e-01 7.963696208233502771e-01 
 4.060000000000000000e+02 1.314110208288699289e+00 1.899999999999999911e+00 2.176161689486361128e-01 7.823838310513638872e-01 
 4.070000000000000000e+02 1.539094057178593378e+00 -1.899999999999999911e+00 2.242547703727853226e-01 7.757452296272147052e-01 
 4.080000000000000000e+02 1.605566557986971121e+00 -1.899999999999999911e+00 2.245492205711988043e-01 7.754507794288012512e-01 
 4.090000000000000000e+02 1.401035786268885586e+00 1.899999999999999911e+00 2.244440479674838784e-01 7.755559520325161493e-01 
 4.100000000000000000e+02 1.375469439804124949e+00 1.899999999999999911e+00 2.250393691163441734e-01 7.749606308836558544e-01 
 4.110000000000000000e+02 1.580000211522210485e+00 -1.899999999999999911e+00 2.250310687565731937e-01 7.749689312434268063e-01 
 4.120000000000000000e+02 1.626019635158779675e+00 1.899999999999999911e+00 2.243953401393686542e-01 7.756046598606314291e-01 
 4.130000000000000000e+02 1.523754249299736907e+00 1.899999999999999911e+00 2.244431533232678355e-01 7.755568466767321922e-01 
 4.140000000000000000e+02 1.758964636775535384e+00 1.899999999999999911e+00 5.156213911134165384e-01 4.843786088865834616e-01 
 4.150000000000000000e+02 1.902136176978195259e+00 -1.899999999999999911e+00 5.135694945544853063e-01 4.864305054455147492e-01 
 4.160000000000000000e+02 1.861230022634578152e+00 1.899999999999999911e+00 5.192532345077230937e-01 4.807467654922769063e-01 
 4.170000000000000000e+02 1.758964636775535384e+00 1.899999999999999911e+00 5.177333350162107717e-01 4.822666649837892283e-01 
 4.180000000000000000e+02 1.927702523442955895e+00 1.899999999999999911e+00 5.158964363624242155e-01 4.841035636375757290e-01 
 4.190000000000000000e+02 1.891909638392290871e+00 -1.899999999999999911e+00 5.147483739483993403e-01 4.852516260516006597e-01 
 4.200000000000000000e+02 1.861230022634578152e+00 1.899999999999999911e+00 5.147283907133342051e-01 4.852716092866657949e-01 
 4.210000000000000000e+02 1.758964636775535384e+00 1.899999999999999911e+00 5.147925816018878997e-01 4.852074183981120448e-01 
 4.220000000000000000e+02 1.927702523442955895e+00 1.899999999999999911e+00 5.150989824091921632e-01 4.849010175908078368e-01 
 4.230000000000000000e+02 1.891909638392290871e+00 1.899999999999999911e+00 5.143749035628918387e-01 4.856250964371082168e-01 
 4.240000000000000000e+02 1.891909638392290871e+00 -1.899999999999999911e+00 5.147469024005613125e-01 4.852530975994386875e-01 
 4.250000000000000000e+02 1.861230022634578152e+00 1.899999999999999911e+00 5.146749423011974800e-01 4.853250576988025200e-01 
 4.260000000000000000e+02 1.794757521826200186e+00 1.899999999999999911e+00 5.148269191568672909e-01 4.851730808431325981e-01 
 4.270000000000000000e+02 1.927702523442955895e+00 -1.899999999999999911e+00 5.150578124538763847e-01 4.849421875461236708e-01 
 4.280000000000000000e+02 1.851003484048673764e+00 -1.899999999999999911e+00 5.145994957149010451e-01 4.854005042850990104e-01 
 4.290000000000000000e+02 1.656699250916492616e+00 1.899999999999999911e+00 1.565172123919760794e-01 8.434827876080239761e-01 
 4.300000000000000000e+02 1.569773672936306319e+00 -1.899999999999999911e+00 1.655216490904971027e-01 8.344783509095029528e-01 
 4.310000000000000000e+02 1.718058482431918277e+00 1.899999999999999911e+00 6.020328471474026832e-01 3.979671528525974278e-01 
 4.320000000000000000e+02 1.600453288694019038e+00 -1.899999999999999911e+00 1.586669187440274686e-01 8.413330812559725036e-01 
 4.330000000000000000e+02 1.764077906068487467e+00 1.899999999999999911e+00 5.574777834377899755e-01 4.425222165622099690e-01 
 4.340000000000000000e+02 1.595340019401066955e+00 1.899999999999999911e+00 1.577068543560642133e-01 8.422931456439358699e-01 
 4.350000000000000000e+02 1.861230022634578152e+00 -1.899999999999999911e+00 5.576800317661042561e-01 4.423199682338958549e-01 
 4.360000000000000000e+02 1.876569830513434400e+00 -1.899999999999999911e+00 5.568506388803584617e-01 4.431493611196415383e-01 
 4.370000000000000000e+02 1.672039058795348865e+00 1.899999999999999911e+00 1.507252193438980703e-01 8.492747806561019575e-01 
 4.380000000000000000e+02 1.631132904451731980e+00 1.899999999999999911e+00 1.568160271925829186e-01 8.431839728074170814e-01 
 4.390000000000000000e+02 1.845890214755721681e+00 -1.899999999999999911e+00 6.566532113642138402e-01 3.433467886357860488e-01 
 4.400000000000000000e+02 1.881683099806386705e+00 -1.899999999999999911e+00 6.028267264222656463e-01 3.971732735777343537e-01 
 4.410000000000000000e+02 1.646472712330588228e+00 1.899999999999999911e+00 1.707869551285894349e-01 8.292130448714105651e-01 
 4.420000000000000000e+02 1.574886942229258402e+00 -1.899999999999999911e+00 1.787058538899955751e-01 8.212941461100043972e-01 
 4.430000000000000000e+02 1.692492135967157418e+00 1.899999999999999911e+00 7.042799836482938058e-01 2.957200163517062497e-01 
 4.440000000000000000e+02 1.539094057178593378e+00 1.899999999999999911e+00 1.690873441470597816e-01 8.309126558529402740e-01 
 4.450000000000000000e+02 1.784530983240296020e+00 -1.899999999999999911e+00 6.493864875911569134e-01 3.506135124088431976e-01 
 4.460000000000000000e+02 1.845890214755721681e+00 1.899999999999999911e+00 6.484043728244179849e-01 3.515956271755820706e-01 
 4.470000000000000000e+02 1.758964636775535384e+00 -1.899999999999999911e+00 5.332243186763031551e-01 4.667756813236967339e-01 
 4.480000000000000000e+02 1.902136176978195259e+00 1.899999999999999911e+00 5.379905017883240825e-01 4.620094982116759730e-01 
 4.490000000000000000e+02 1.748738098189630996e+00 1.899999999999999911e+00 5.365623796468852458e-01 4.634376203531148097e-01 
 4.500000000000000000e+02 1.932815792735907978e+00 1.899999999999999911e+00 5.375880607670563416e-01 4.624119392329437139e-01 
 4.510000000000000000e+02 1.891909638392290871e+00 -1.899999999999999911e+00 5.363531433012850291e-01 4.636468566987149154e-01 
 4.520000000000000000e+02 1.856116753341625847e+00 -1.899999999999999911e+00 5.367559941630383191e-01 4.632440058369615699e-01 
 4.530000000000000000e+02 1.651585981623540311e+00 1.899999999999999911e+00 1.815090101527836175e-01 8.184909898472164658e-01 
 4.540000000000000000e+02 1.574886942229258402e+00 1.899999999999999911e+00 1.756423570678392332e-01 8.243576429321608501e-01 
 4.550000000000000000e+02 1.789644252533248103e+00 -1.899999999999999911e+00 7.249731544583269960e-01 2.750268455416731150e-01 
 4.560000000000000000e+02 1.845890214755721681e+00 1.899999999999999911e+00 6.374907495443958849e-01 3.625092504556041151e-01 
 4.570000000000000000e+02 1.743624828896678913e+00 -1.899999999999999911e+00 4.852558771619023825e-01 5.147441228380976730e-01 
 4.580000000000000000e+02 1.902136176978195259e+00 -1.899999999999999911e+00 5.098789677204167425e-01 4.901210322795832020e-01 
 4.590000000000000000e+02 1.666925789502396782e+00 1.899999999999999911e+00 2.314923401061496078e-01 7.685076598938505033e-01 
 4.600000000000000000e+02 1.605566557986971121e+00 1.899999999999999911e+00 2.269729143102363067e-01 7.730270856897636378e-01 
 4.610000000000000000e+02 1.845890214755721681e+00 -1.899999999999999911e+00 6.803662188824173285e-01 3.196337811175827270e-01 
 4.620000000000000000e+02 1.881683099806386705e+00 1.899999999999999911e+00 6.011308572051863308e-01 3.988691427948137247e-01 
 4.630000000000000000e+02 1.794757521826200186e+00 1.899999999999999911e+00 4.472878823020179362e-01 5.527121176979820083e-01 
 4.640000000000000000e+02 1.932815792735907978e+00 -1.899999999999999911e+00 5.031215421262835719e-01 4.968784578737163726e-01 
 4.650000000000000000e+02 1.835663676169817293e+00 -1.899999999999999911e+00 4.927466666866928136e-01 5.072533333133072420e-01 
 4.660000000000000000e+02 1.651585981623540311e+00 1.899999999999999911e+00 3.039967367159418510e-01 6.960032632840581490e-01 
 4.670000000000000000e+02 1.574886942229258402e+00 -1.899999999999999911e+00 3.015828232401268072e-01 6.984171767598731373e-01 
 4.680000000000000000e+02 1.702718674553061806e+00 1.899999999999999911e+00 7.213943482443528898e-01 2.786056517556471102e-01 
 4.690000000000000000e+02 1.539094057178593378e+00 1.899999999999999911e+00 2.591659870511577868e-01 7.408340129488423242e-01 
 4.700000000000000000e+02 1.784530983240296020e+00 -1.899999999999999911e+00 6.069896343993939070e-01 3.930103656006060375e-01 
 4.710000000000000000e+02 1.815210598998008740e+00 1.899999999999999911e+00 6.059068579443375180e-01 3.940931420556624265e-01 
 4.720000000000000000e+02 1.692492135967157418e+00 1.899999999999999911e+00 3.254098187792833219e-01 6.745901812207166781e-01 
 4.730000000000000000e+02 1.922589254150003812e+00 -1.899999999999999911e+00 4.036642069966151491e-01 5.963357930033847953e-01 
 4.740000000000000000e+02 1.830550406876865210e+00 -1.899999999999999911e+00 3.865517397664995358e-01 6.134482602335004087e-01 
 4.750000000000000000e+02 1.651585981623540311e+00 1.899999999999999911e+00 3.320311780373407240e-01 6.679688219626593870e-01 
 4.760000000000000000e+02 1.569773672936306319e+00 1.899999999999999911e+00 2.863091593367911303e-01 7.136908406632088697e-01 
 4.770000000000000000e+02 1.815210598998008740e+00 -1.899999999999999911e+00 8.420471731676572036e-01 1.579528268323426854e-01 
 4.780000000000000000e+02 1.881683099806386705e+00 -1.899999999999999911e+00 6.556682761289314154e-01 3.443317238710686401e-01 
 4.790000000000000000e+02 1.672039058795348865e+00 -1.899999999999999911e+00 5.819761692858703706e-01 4.180238307141296850e-01 
 4.800000000000000000e+02 1.503301172127928353e+00 1.899999999999999911e+00 4.850633961482243017e-01 5.149366038517756428e-01 
 4.810000000000000000e+02 1.411262324854789973e+00 1.899999999999999911e+00 5.274748838253151551e-01 4.725251161746849005e-01 
 4.820000000000000000e+02 1.626019635158779675e+00 -1.899999999999999911e+00 5.740695664582695645e-01 4.259304335417303800e-01 
 4.830000000000000000e+02 1.656699250916492616e+00 -1.899999999999999911e+00 5.737870848533001000e-01 4.262129151466999000e-01 
 4.840000000000000000e+02 1.452168479198407081e+00 1.899999999999999911e+00 5.734606350258292240e-01 4.265393649741708315e-01 
 4.850000000000000000e+02 1.421488863440694139e+00 -1.899999999999999911e+00 5.734109142980631235e-01 4.265890857019368765e-01 
 4.860000000000000000e+02 1.559547134350401931e+00 1.899999999999999911e+00 5.734020212799763039e-01 4.265979787200236961e-01 
 4.870000000000000000e+02 1.395922516975933503e+00 1.899999999999999911e+00 5.734598567849532591e-01 4.265401432150467964e-01 
 4.880000000000000000e+02 1.661812520209444699e+00 -1.899999999999999911e+00 5.735850913697073672e-01 4.264149086302926328e-01 
 4.890000000000000000e+02 1.712945213138965972e+00 1.899999999999999911e+00 4.398494997314437160e-01 5.601505002685562840e-01 
 4.900000000000000000e+02 1.574886942229258402e+00 1.899999999999999911e+00 4.869864595259528195e-01 5.130135404740471250e-01 
 4.910000000000000000e+02 1.840776945462769598e+00 1.899999999999999911e+00 4.542986972436231508e-01 5.457013027563768492e-01 
 4.920000000000000000e+02 1.912362715564099425e+00 -1.899999999999999911e+00 4.537538998840416893e-01 5.462461001159583107e-01 
 4.930000000000000000e+02 1.835663676169817293e+00 1.899999999999999911e+00 4.971572087989742372e-01 5.028427912010257073e-01 
 4.940000000000000000e+02 1.733398290310774525e+00 1.899999999999999911e+00 4.279842253511600414e-01 5.720157746488400141e-01 
 4.950000000000000000e+02 1.927702523442955895e+00 -1.899999999999999911e+00 3.980720801141838794e-01 6.019279198858161761e-01 
 4.960000000000000000e+02 1.830550406876865210e+00 1.899999999999999911e+00 3.965992772040531911e-01 6.034007227959466979e-01 
 4.970000000000000000e+02 1.733398290310774525e+00 -1.899999999999999911e+00 3.968582451728362992e-01 6.031417548271638118e-01 
 4.980000000000000000e+02 1.881683099806386705e+00 1.899999999999999911e+00 3.969602081797252713e-01 6.030397918202746732e-01 
 4.990000000000000000e+02 1.712945213138965972e+00 -1.899999999999999911e+00 3.965607613662340825e-01 6.034392386337660286e-01 
 5.000000000000000000e+02 1.835663676169817293e+00 1.899999999999999911e+00 3.968321075969182821e-01 6.031678924030817734e-01 
 5.010000000000000000e+02 1.672039058795348865e+00 -1.899999999999999911e+00 1.261257218934920543e-01 8.738742781065079734e-01 
 5.020000000000000000e+02 1.845890214755721681e+00 -1.899999999999999911e+00 8.746811234699259918e-01 1.253188765300740359e-01 
 5.030000000000000000e+02 1.580000211522210485e+00 1.899999999999999911e+00 2.127694907970153204e-01 7.872305092029846518e-01 
 5.040000000000000000e+02 1.518640980006784824e+00 1.899999999999999911e+00 2.119485655790521728e-01 7.880514344209479383e-01 
 5.050000000000000000e+02 1.733398290310774525e+00 -1.899999999999999911e+00 9.994395477073089173e-01 5.604522926910655237e-04 
 5.060000000000000000e+02 1.784530983240296020e+00 -1.899999999999999911e+00 9.449199849479534841e-01 5.508001505204640491e-02 
 5.070000000000000000e+02 1.549320595764497766e+00 -1.899999999999999911e+00 9.972311047232998993e-01 2.768895276700120232e-03 
 5.080000000000000000e+02 1.406149055561837891e+00 -1.899999999999999911e+00 9.627344790491531024e-01 3.726552095084687682e-02 
 5.090000000000000000e+02 1.252750976773273628e+00 1.899999999999999911e+00 6.894917176406041570e-02 9.310508282359395427e-01 
 5.100000000000000000e+02 1.211844822429656521e+00 1.899999999999999911e+00 6.894949781119151522e-02 9.310505021888084709e-01 
 5.110000000000000000e+02 1.421488863440694139e+00 1.899999999999999911e+00 1.134109858396497097e-02 9.886589014160350741e-01 
 5.120000000000000000e+02 1.554433865057449848e+00 1.899999999999999911e+00 1.016616518105888448e-02 9.898338348189410496e-01 
 5.130000000000000000e+02 1.743624828896678913e+00 1.899999999999999911e+00 2.061286751290088148e-03 9.979387132487098633e-01 
 5.140000000000000000e+02 1.897022907685242954e+00 1.899999999999999911e+00 2.576267594095077093e-02 9.742373240590492811e-01 
 5.150000000000000000e+02 1.902136176978195259e+00 1.899999999999999911e+00 3.958221575089441394e-04 9.996041778424910040e-01 
 5.160000000000000000e+02 1.902136176978195259e+00 1.899999999999999911e+00 3.491544063894475231e-05 9.999650845593610615e-01 
 5.170000000000000000e+02 1.902136176978195259e+00 1.899999999999999911e+00 2.352052235605421577e-05 9.999764794776438981e-01 
 5.180000000000000000e+02 1.902136176978195259e+00 1.899999999999999911e+00 2.347452801849459871e-05 9.999765254719815699e-01 
 5.190000000000000000e+02 1.902136176978195259e+00 1.899999999999999911e+00 2.347937637261180796e-05 9.999765206236274073e-01 
 5.200000000000000000e+02 1.902136176978195259e+00 1.899999999999999911e+00 2.347843174462115162e-05 9.999765215682554498e-01 
 5.210000000000000000e+02 1.902136176978195259e+00 1.899999999999999911e+00 2.347868758129865104e-05 9.999765213124187646e-01 
 5.220000000000000000e+02 1.897022907685242954e+00 1.899999999999999911e+00 2.347860135631104513e-05 9.999765213986437917e-01 
 5.230000000000000000e+02 1.902136176978195259e+00 1.899999999999999911e+00 2.348540035663576226e-05 9.999765145996433180e-01 
 5.240000000000000000e+02 1.902136176978195259e+00 1.899999999999999911e+00 2.347513431903755957e-05 9.999765248656810046e-01 
 5.250000000000000000e+02 1.902136176978195259e+00 1.899999999999999911e+00 2.348019591883699297e-05 9.999765198040810876e-01 
 5.260000000000000000e+02 1.902136176978195259e+00 1.899999999999999911e+00 2.347749188289825905e-05 9.999765225081169717e-01 
 5.270000000000000000e+02 1.902136176978195259e+00 1.899999999999999911e+00 2.347903572018282696e-05 9.999765209642798025e-01 
 5.280000000000000000e+02 1.902136176978195259e+00 1.899999999999999911e+00 2.347810344975576500e-05 9.999765218965502855e-01 
 5.290000000000000000e+02 1.902136176978195259e+00 1.899999999999999911e+00 2.347869389294031378e-05 9.999765213061070357e-01 
 5.300000000000000000e+02 1.902136176978195259e+00 1.899999999999999911e+00 2.347830432805853991e-05 9.999765216956719716e-01 
 5.310000000000000000e+02 1.902136176978195259e+00 1.899999999999999911e+00 2.347857059335288190e-05 9.999765214294066284e-01 
 5.320000000000000000e+02 1.902136176978195259e+00 1.899999999999999911e+00 2.347838293584707530e-05 9.999765216170640736e-01 
 5.330000000000000000e+02 1.902136176978195259e+00 1.899999999999999911e+00 2.347851877599483659e-05 9.999765214812240677e-01 
 5.340000000000000000e+02 1.897022907685242954e+00 1.899999999999999911e+00 2.347841811609902962e-05 9.999765215818838815e-01 
 5.350000000000000000e+02 1.902136176978195259e+00 1.899999999999999911e+00 2.348857066128257450e-05 9.999765114293387436e-01 
 5.360000000000000000e+02 1.902136176978195259e+00 1.899999999999999911e+00 2.347054795918578144e-05 9.999765294520408521e-01 
 5.370000000000000000e+02 1.897022907685242954e+00 1.899999999999999911e+00 2.348465179990902641e-05 9.999765153481999791e-01 
 5.380000000000000000e+02 1.902136176978195259e+00 1.899999999999999911e+00 2.348388120934255841e-05 9.999765161187906815e-01 
 5.390000000000000000e+02 1.902136176978195259e+00 1.899999999999999911e+00 2.347398102842425451e-05 9.999765260189716898e-01 
 5.400000000000000000e+02 1.902136176978195259e+00 1.899999999999999911e+00 2.348202680106866805e-05 9.999765179731990861e-01 
 5.410000000000000000e+02 1.902136176978195259e+00 1.899999999999999911e+00 2.347542287124655203e-05 9.999765245771287114e-01 
 5.420000000000000000e+02 1.902136176978195259e+00 1.899999999999999911e+00 2.348089072819412997e-05 9.999765191092717664e-01 
 5.430000000000000000e+02 1.902136176978195259e+00 1.899999999999999911e+00 2.347632789744572726e-05 9.999765236721025463e-01 
 5.440000000000000000e+02 1.897022907685242954e+00 1.899999999999999911e+00 2.348016186297918197e-05 9.999765198381369569e-01 
 5.450000000000000000e+02 1.897022907685242954e+00 1.899999999999999911e+00 2.348783611777640170e-05 9.999765121638821697e-01 
 5.460000000000000000e+02 1.902136176978195259e+00 1.899999999999999911e+00 2.348131174846540545e-05 9.999765186882514367e-01 
 5.470000000000000000e+02 1.902136176978195259e+00 1.899999999999999911e+00 2.347588590954570903e-05 9.999765241140904370e-01 
 5.480000000000000000e+02 1.902136176978195259e+00 1.899999999999999911e+00 2.348054152228887928e-05 9.999765194584777639e-01 
 5.490000000000000000e+02 1.902136176978195259e+00 1.899999999999999911e+00 2.347653110244732994e-05 9.999765234688975379e-01 
 5.500000000000000000e+02 1.902136176978195259e+00 1.899999999999999911e+00 2.347999765079316104e-05 9.999765200023491563e-01 
 5.510000000000000000e+02 1.902136176978195259e+00 1.899999999999999911e+00 2.347699188882868460e-05 9.999765230081111289e-01 
 5.520000000000000000e+02 1.897022907685242954e+00 1.899999999999999911e+00 2.347960523713979081e-05 9.999765203947628134e-01 
 5.530000000000000000e+02 1.902136176978195259e+00 1.899999999999999911e+00 2.348849378040639071e-05 9.999765115062196896e-01 
 5.540000000000000000e+02 1.902136176978195259e+00 1.899999999999999911e+00 2.346954860158317958e-05 9.999765304513984487e-01 
 5.550000000000000000e+02 1.902136176978195259e+00 1.899999999999999911e+00 2.348612789558998426e-05 9.999765138721044000e-01 
 5.560000000000000000e+02 1.902136176978195259e+00 1.899999999999999911e+00 2.347159281918228930e-05 9.999765284071808757e-01 
 5.570000000000000000e+02 1.902136176978195259e+00 1.899999999999999911e+00 2.348435402135068430e-05 9.999765156459786697e-01 
 5.580000000000000000e+02 1.897022907685242954e+00 1.899999999999999911e+00 2.347313438733857188e-05 9.999765268656126693e-01 
 5.590000000000000000e+02 1.902136176978195259e+00 1.899999999999999911e+00 2.349426375200349264e-05 9.999765057362480780e-01 
 5.600000000000000000e+02 1.902136176978195259e+00 1.899999999999999911e+00 2.346439072237149783e-05 9.999765356092776836e-01 
 5.610000000000000000e+02 1.902136176978195259e+00 1.899999999999999911e+00 2.349073482811315339e-05 9.999765092651718978e-01 
 5.620000000000000000e+02 1.902136176978195259e+00 1.899999999999999911e+00 2.346748086490978139e-05 9.999765325191350973e-01 
 5.630000000000000000e+02 1.897022907685242954e+00 1.899999999999999911e+00 2.348801897739973598e-05 9.999765119810226643e-01 
 5.640000000000000000e+02 1.902136176978195259e+00 1.899999999999999911e+00 2.348115116058278708e-05 9.999765188488394241e-01 
 5.650000000000000000e+02 1.902136176978195259e+00 1.899999999999999911e+00 2.347593145115637651e-05 9.999765240685487555e-01 
 5.660000000000000000e+02 1.902136176978195259e+00 1.899999999999999911e+00 2.348054905923960115e-05 9.999765194509407928e-01 
 5.670000000000000000e+02 1.897022907685242954e+00 1.899999999999999911e+00 2.347646243092282875e-05 9.999765235375691619e-01 
 5.680000000000000000e+02 1.902136176978195259e+00 1.899999999999999911e+00 2.349138635284156082e-05 9.999765086136472858e-01 
 5.690000000000000000e+02 1.902136176978195259e+00 1.899999999999999911e+00 2.346686769853391968e-05 9.999765331323013928e-01 
 5.700000000000000000e+02 1.902136176978195259e+00 1.899999999999999911e+00 2.348858313103436814e-05 9.999765114168688296e-01 
 5.710000000000000000e+02 1.902136176978195259e+00 1.899999999999999911e+00 2.346934483446015882e-05 9.999765306551654520e-01 
 5.720000000000000000e+02 1.897022907685242954e+00 1.899999999999999911e+00 2.348638924432709668e-05 9.999765136107556796e-01 
 5.730000000000000000e+02 1.902136176978195259e+00 1.899999999999999911e+00 2.348259834095760778e-05 9.999765174016590485e-01 
 5.740000000000000000e+02 1.902136176978195259e+00 1.899999999999999911e+00 2.347464209224506135e-05 9.999765253579077084e-01 
 5.750000000000000000e+02 1.902136176978195259e+00 1.899999999999999911e+00 2.348169277223030956e-05 9.999765183072276686e-01 
 5.760000000000000000e+02 1.902136176978195259e+00 1.899999999999999911e+00 2.347544425109758355e-05 9.999765245557488136e-01 
 5.770000000000000000e+02 1.902136176978195259e+00 1.899999999999999911e+00 2.348098166833244025e-05 9.999765190183316221e-01 
 5.780000000000000000e+02 1.902136176978195259e+00 1.899999999999999911e+00 2.347607441598325664e-05 9.999765239255841154e-01 
 5.790000000000000000e+02 1.902136176978195259e+00 1.899999999999999911e+00 2.348042291273490082e-05 9.999765195770873305e-01 
 5.800000000000000000e+02 1.902136176978195259e+00 1.899999999999999911e+00 2.347656970026779923e-05 9.999765234302997463e-01 
 5.810000000000000000e+02 1.902136176978195259e+00 1.899999999999999911e+00 2.347998371068707932e-05 9.999765200162893386e-01 
 5.820000000000000000e+02 1.902136176978195259e+00 1.899999999999999911e+00 2.347695906024607239e-05 9.999765230409397576e-01 
 5.830000000000000000e+02 1.902136176978195259e+00 1.899999999999999911e+00 2.347963843965222283e-05 9.999765203615602616e-01 
 5.840000000000000000e+02 1.897022907685242954e+00 1.899999999999999911e+00 2.347726515441800324e-05 9.999765227348456076e-01 
 5.850000000000000000e+02 1.902136176978195259e+00 1.899999999999999911e+00 2.349068707723425613e-05 9.999765093129228122e-01 
 5.860000000000000000e+02 1.902136176978195259e+00 1.899999999999999911e+00 2.346748735649541821e-05 9.999765325126435123e-01 
 5.870000000000000000e+02 1.902136176978195259e+00 1.899999999999999911e+00 2.348802728136271858e-05 9.999765119727185292e-01 
 5.880000000000000000e+02 1.902136176978195259e+00 1.899999999999999911e+00 2.346984295798027549e-05 9.999765301570420206e-01 
 5.890000000000000000e+02 1.902136176978195259e+00 1.899999999999999911e+00 2.348593782206072811e-05 9.999765140621780235e-01 
 5.900000000000000000e+02 1.902136176978195259e+00 1.899999999999999911e+00 2.347169341594502071e-05 9.999765283065840116e-01 
 5.910000000000000000e+02 1.902136176978195259e+00 1.899999999999999911e+00 2.348429709170669517e-05 9.999765157029082419e-01 
 5.920000000000000000e+02 1.902136176978195259e+00 1.899999999999999911e+00 2.347314632403633316e-05 9.999765268536761065e-01 
 5.930000000000000000e+02 1.897022907685242954e+00 1.899999999999999911e+00 2.348300937234849730e-05 9.999765169906276174e-01 
 5.940000000000000000e+02 1.902136176978195259e+00 1.899999999999999911e+00 2.348559795533212624e-05 9.999765144020446028e-01 
 5.950000000000000000e+02 1.902136176978195259e+00 1.899999999999999911e+00 2.347199951436069505e-05 9.999765280004857537e-01 
 5.960000000000000000e+02 1.902136176978195259e+00 1.899999999999999911e+00 2.348402094068730551e-05 9.999765159790592328e-01 
 5.970000000000000000e+02 1.902136176978195259e+00 1.899999999999999911e+00 2.347339496588086329e-05 9.999765266050342216e-01 
 5.980000000000000000e+02 1.902136176978195259e+00 1.899999999999999911e+00 2.348278515929381278e-05 9.999765172148405989e-01 
 5.990000000000000000e+02 1.902136176978195259e+00 1.899999999999999911e+00 2.347448821555737691e-05 9.999765255117845086e-01 
 6.000000000000000000e+02 1.902136176978195259e+00 1.899999999999999911e+00 2.348181744142817373e-05 9.999765181825586158e-01 
 6.010000000000000000e+02 1.902136176978195259e+00 1.899999999999999911e+00 2.347534408474663136e-05 9.999765246559153553e-01 
 6.020000000000000000e+02 1.902136176978195259e+00 1.899999999999999911e+00 2.348106018616674071e-05 9.999765189398137633e-01 
 6.030000000000000000e+02 1.902136176978195259e+00 1.899999999999999911e+00 2.347601361120681381e-05 9.999765239863888100e-01 
 